#FIG 3.2
Landscape
Center
Inches
Letter  
100.00
Single
-2
1200 2
1 3 0 1 0 7 50 0 -1 0.000 1 0.0000 6000 900 309 309 6000 900 6075 1200
1 3 0 1 0 7 50 0 -1 0.000 1 0.0000 6000 2091 309 309 6000 2091 6075 2391
1 3 0 1 0 7 50 0 -1 0.000 1 0.0000 6015 3322 309 309 6015 3322 6090 3622
2 2 0 1 0 7 50 0 -1 0.000 0 0 -1 0 0 5
	 5100 3900 4800 3900 4800 4200 5100 4200 5100 3900
2 2 0 1 0 7 50 0 -1 0.000 0 0 -1 0 0 5
	 7200 3900 6900 3900 6900 4200 7200 4200 7200 3900
2 1 0 1 0 7 50 0 -1 0.000 0 0 -1 1 0 2
	2 1 1.00 60.00 120.00
	 5100 3900 5700 975
2 1 0 1 0 7 50 0 -1 0.000 0 0 -1 1 0 2
	2 1 1.00 60.00 120.00
	 5100 3900 5700 2250
2 1 0 1 0 7 50 0 -1 0.000 0 0 -1 1 0 2
	2 1 1.00 60.00 120.00
	 5100 3900 5700 3450
2 1 0 1 0 7 50 0 -1 0.000 0 0 -1 1 0 2
	2 1 1.00 60.00 120.00
	 6900 3900 6300 3450
2 1 0 1 0 7 50 0 -1 0.000 0 0 -1 1 0 2
	2 1 1.00 60.00 120.00
	 6900 3900 6300 2175
2 1 0 1 0 7 50 0 -1 0.000 0 0 -1 1 0 2
	2 1 1.00 60.00 120.00
	 6900 3900 6300 975
2 1 0 1 0 7 50 0 -1 0.000 0 0 -1 1 0 2
	2 1 1.00 60.00 120.00
	 4950 4800 4950 4200
2 1 0 1 0 7 50 0 -1 0.000 0 0 -1 1 0 2
	2 1 1.00 60.00 120.00
	 7050 4800 7050 4200
2 1 0 1 0 7 50 0 -1 0.000 0 0 -1 1 0 2
	2 1 1.00 60.00 120.00
	 6000 600 6000 0
2 1 0 1 0 7 50 0 -1 0.000 0 0 -1 1 0 2
	2 1 1.00 60.00 120.00
	 6000 3000 6000 2400
2 1 0 1 0 7 50 0 -1 0.000 0 0 -1 1 0 2
	2 1 1.00 60.00 120.00
	 6000 1800 6000 1200
4 0 0 50 0 0 12 0.0000 4 180 480 5700 4500 Inputs\001
4 0 0 50 0 0 12 0.0000 4 180 525 6300 300 Output\001
